.rs.bk
0..metadata
Dbgcore.dll
KtmW32.dll
advapi32.dll
cargo-toml-vs-cargo-lock.html
decrypted.txt
dumpy.exe
e.g
file.dll
input.txt
kernel32.dll
license.rtf
lsass.exe
manifest.html
ntdll.dll
output.txt
seclogon.dll
the-hidden-side-of-seclogon-part-3.html
why-not-lgpl.html
xored.txt
